initial: 6
0.71815 0.00253 0.09180 0.18752 0.00000 0.00000

transition: 6
0.29585 0.00826 0.50606 0.00040 0.00000 0.18942
0.19901 0.20138 0.59925 0.00001 0.00035 0.00001
0.00265 0.49641 0.20100 0.29992 0.00000 0.00002
0.00003 0.20202 0.00050 0.59751 0.00000 0.19994
0.10739 0.00000 0.00000 0.00000 0.50037 0.39225
0.00022 0.39457 0.00000 0.00000 0.30409 0.30113

observation: 6
0.69587 0.49813 0.30232 0.10015 0.00005 0.09745
0.00123 0.00064 0.39845 0.09932 0.10280 0.09741
0.30290 0.00016 0.20040 0.19621 0.09772 0.30224
0.00000 0.50106 0.09874 0.00000 0.00099 0.40380
0.00000 0.00000 0.00009 0.60432 0.00289 0.09910
0.00000 0.00000 0.00000 0.00000 0.79554 0.00000
