initial: 6
0.50755 0.49245 0.00000 0.00000 0.00000 0.00000

transition: 6
0.29199 0.50818 0.00639 0.19318 0.00000 0.00026
0.00057 0.50204 0.19889 0.00000 0.00000 0.29850
0.00241 0.00016 0.20226 0.78868 0.00000 0.00649
0.00015 0.00093 0.00444 0.28195 0.51263 0.19990
0.00000 0.00000 0.00000 0.00000 0.50078 0.49922
0.59855 0.00000 0.20647 0.19498 0.00000 0.00000

observation: 6
0.00023 0.29977 0.00133 0.10010 0.29876 0.09839
0.09987 0.39657 0.00000 0.10144 0.00000 0.10062
0.40442 0.19997 0.49038 0.29589 0.30230 0.00000
0.49548 0.10369 0.50675 0.40262 0.00000 0.00000
0.00000 0.00000 0.00155 0.09995 0.00000 0.80099
0.00000 0.00000 0.00000 0.00000 0.39895 0.00000
