initial: 6
0.00000 0.10335 0.09653 0.21030 0.00000 0.58981

transition: 6
0.20264 0.20332 0.59396 0.00000 0.00008 0.00000
0.01129 0.28721 0.51261 0.00020 0.00001 0.18868
0.49570 0.00575 0.19659 0.30196 0.00000 0.00000
0.20044 0.00011 0.00104 0.59881 0.00000 0.19962
0.00000 0.10194 0.00000 0.00000 0.50257 0.39549
0.39786 0.00001 0.00000 0.00000 0.30290 0.29923

observation: 6
0.49526 0.69934 0.30203 0.10048 0.00001 0.09947
0.00175 0.00159 0.39962 0.09931 0.10307 0.09592
0.00000 0.29848 0.20011 0.19645 0.09845 0.30143
0.50299 0.00059 0.09810 0.00000 0.00324 0.40218
0.00000 0.00000 0.00013 0.60377 0.00205 0.10100
0.00000 0.00000 0.00000 0.00000 0.79319 0.00000
