initial: 6
0.71956 0.00052 0.09169 0.18823 0.00000 0.00000

transition: 6
0.30883 0.00098 0.49339 0.00016 0.00000 0.19664
0.00089 0.20045 0.79788 0.00078 0.00000 0.00000
0.00027 0.49923 0.20165 0.29885 0.00000 0.00000
0.00000 0.20165 0.00001 0.59782 0.00000 0.20052
0.10495 0.00000 0.00000 0.00000 0.49797 0.39708
0.00002 0.39451 0.00000 0.00000 0.30069 0.30478

observation: 6
0.99544 0.49858 0.29766 0.09835 0.00029 0.09896
0.00247 0.00007 0.39988 0.09975 0.10420 0.09742
0.00209 0.00192 0.20095 0.80190 0.09082 0.30890
0.00000 0.49934 0.10146 0.00000 0.00426 0.39585
0.00000 0.00008 0.00004 0.00000 0.00228 0.09887
0.00000 0.00000 0.00000 0.00000 0.79815 0.00000
